$ANSIBLE_VAULT;1.1;AES256
61623936663633356539353361353039353064666164323631393933613533633362336137616437
3030386633626534333131346565313636636530313762660a356132373962393831646231643639
36633865393030626539656262323462633631653838643538666230616330653861633130636231
3666323835336334300a383237353835323535633363376162306466353062366435336631376462
30343962663865316135616233346331656361383165306530636134633565376432626237343939
37376138386536303237633630393964323035363434363734383838313137393936653664303161
37646164663163363866373831623433346334386132366333653337626132376638303630613133
64346437643334323430316531326435356330303263363966386362303933393437323863363637
63326237643665343433323934646535376232313463343535393062363231373839323239313530
61623463636437656136646662636161633931656564666635393034363637653463636233303230
30383762656264343036643737356431383664386339373438353332343965326361623937366633
62373431323039316263303133306333653036343766343635316438363937613233343337336235
37333066353035376461663337353034326136323335356366333535333631323032616163653763
39336662326533313631363638643330373132383262633966326465653936303538376630353433
61353932633961386630346537313337323365323332616339383564336563636165663035663533
39643334656233353838343763616334343064346665393462303539623339383230373130643432
37656263643532613931656235323363373362636136326463633036383134613334653637336339
38313931613137376362653136373933323334613265366432633935306433356132633462663063
36353232373339326333396566366664633536333263386430396562623836333061346261616333
38386164363731323335353531373539666132323231616433353937643336303061343039306635
38386266343763646630373464396439626635343663643432346265633732613033363236643761
38323535363766376566666334653066653663636266303663633233363935363636356530633933
39303638343961303438373036323464626331613238386436646564653261633839353538613532
38646166636661346462353566653661666164373732306662656366366133633937316566353333
65366238303663323737313235333937656565346235326232656465313937623361386562663463
38356330613761663639383263626637383731626130333764333335623430626137663736666366
62356335343230343165326564653535623138623035653063663233376631393733333961613135
38373839613835306166643463363334346637633436396365356235616662396264396532613034
30323430306236646462386432626163663835653362303439666662333935616465333539663637
38313430663538653330353665326232613330613635666263616134396239343166653237366666
31313361336132333861656533633733653237623631636230623739663463643638363134323763
36346233323132376537303262383865303738313034663932626531643933393261646361373663
62373138636332623233623762306337616230353064636632313662623863663264353162333133
37326263306466643039636130333830363362316361313761366164636662343339336265636134
32346561303730343862633032333839323964636134363765326164663933343930396431323032
35306433313931666134373030326566386332663934356235636463383937326333656130363237
63316235613539653663613931363462326137613534666639633661303531303262323035316635
62343032643432326261623936346532616563383963643362626534616562343731623765326430
37393461393832383036386233653836666261333939353134363138376231656131376264363161
33336136633736633534626630643763363230626336613630623831333338373831393866343534
30626330323631363436323037383065663736663161636566643363353966393332363430356532
62326562333632366439386661613866363430643439363166643934636639373333653866633061
63323136663465633463343666366665366634366361393139613134636437356432383264333133
37356130656239336430626539636363326231666336663531333064303238656336383631343133
38393533626137396638323535613438326630303739336434663665663536356436313836333131
35643265393564316438363731323262653039663362616132646238383330386539343234346536
33323531363262343034653164303534626338386462663634666561366366363664323561393538
63346266306334353062356139623965343230323862313032343362666263343863303064386364
62323235636666636234653365636161653530646262336134343835313237623330323061616533
62636631643930653730623432323261323834643432386334343832626335353939393666633963
64303234353032616438336137663135653064653261623233633937393964383766313866363765
62623363346464386138366530366262373932393263363065323361376135333433356235356362
32333435363565636538666563383935313931613835383739363439646366363463393964383462
37636330396233646564613662303538353631313364623163383030663364623939643139323030
66356264656237373966643866616665313066613830323931613533336637353739343333653938
31343938633832366333323865333665663331376332363763323937316362356461666136306238
65353463313463363263343238653263623830633133373966653633343333626432376563363762
35663731363461336635343630323430336265636365313232366261613038316463356130613636
30383638653439346136636234373834306163396636363337646261363435613330336438643938
38336431616466646134393638376230316530316430656265313433303838333834316334663665
61303464373262376239303863383336336364343135656435393734383535666330303633636231
64643838346135663663366566623561646134383437366632653738396235623132376435663366
35323464366263656264356537316562346363383164313330343066313965386139653032346538
34356335343537356465326361613563353861633635383164336263376639383962643262626438
38616239393335653136623865366333353138643564663636393037663665353765326239316538
65343364353866616365613239656431386361663830663664643464356335346461626434643936
30663036316631356366313338353266326534353764643639623464666665666362333766396131
65346330653261643731616435646337663631333863613166353632393833343133306465396163
66333065643566396364663233313763653666633630386463663666363131613561366332636439
35613435363037636635343364626431336666386538376636383664623065393461626330656430
31313936636132653837636537643934636635613830353338633837383666313963643861623263
64376330366234343561323232666334613430353538616432626638386336323065336339386135
66386631623130663766373764613936636561313935663865313032666533313635316264313239
35663066653439303032356339366361373062616439653932383964353038343165343963643036
31636233353234663739663736613862636331303839323931376562306166353361316564316361
63366264643164353038313764363064646339343539333131663564373263616466333637316161
39306534333132396564346338323964653264353736356532356634313337636232313465376539
63376461346135383230633333306635373135643330306666653965663038373639343232313833
39333337376532306531613931373162333638393162653438333639623934323235366365613066
31323437303630613966306131363735336335366261643533313634303333326433633563613937
31303865643933626662643431626135346264623064666632366430353662376134663234303563
65633262633961316637376563353337636563366133326533633637376164356564396635613134
35346663316661613464323039393631623332303064346438313833643031663839616537313137
32643761383265623631646334316263373732623765363239633932653266393362616635336530
66336337663933316464333539353238376339343531333130333633333336653131313362643161
34636236303233373439643130363036383563343630363565313936663861353665316366313135
65633434663537366164316236643865343934666462656263343735373730633435646264336336
34653238353531323032343935346137646666303031346537396665643639366261333533383637
34383939626636623732373364356161363032343539646237383632373661383334663535383333
38333339383864646137616430613436383333666261623938353262623562613639356561363931
64306631393233343565626333373933396564346231663230373538643933396436626362383861
30316362633565613362363433356262333938386339313130653332376230663433643331386464
61663331633735393934363465366466336634633536616564633538623339343230636537663336
32333038396266313230326365643339373537663632383934343536373437666361343565616162
66303734393933383963373537666238656337376565326436666336626262656236646237303931
64333739333433383538386238336565306637383966623133303830663035393763633262333666
30623936653632653230393663336532316232386437313165646139356435383134393339343236
62393064303336623133303439653734336632346564623464636664383931323535653836343663
36323336323137313438326138303733346637613132323334633535343665376138303262386335
35626230313465323532393966313835343566653138313662393634366236663734653562623933
34393236323636643439626265623539303537366538386234633433373134373661323865393661
63336431353063393866336365343232323930366166383632353263633062386664316366623338
35323630323965363832613832393136376162303061326134353265306135336665313864626465
37656233663765613534373965393936373064633533313033373865613463666364336166313965
36663338343537313665633235366566306139303935323362386633613862396532306132623032
39636364356331613761656137356562636361616532623866343639613462336139376433303930
63623731613662343534643331633931633965626266623738616165643962376239396564653166
32653138303137383565663032396333393732393937373962383432616265616663663336376366
62633466356238343135633734623337626462613834633639633939656533386362313936663535
38336563643164633861363834326332613439383035643537313563663832653434383862396464
39343731626532343236616162633939366339393963383032653739306561303030633532393133
65616635306561373735346437653264336132306138373537626663633465313636656238623635
39303135396436616166626633646362373265316331396431326437653032633838343763623130
64346433616464653965396632333063313230636435376236373832343661376130623965383132
65666531646136306439343862373937363137353936353461333237363830303032396230616566
31363035336433393336306231366239303836656630643463613139316266646531643130613831
33326632623464353138396132383334383562353931356336613964626161643638366330323539
66663933663163643834306431633233373031643034653666663962373739653164303333383238
38386431326135646239393338663663616666313461343932613633626532656630643165353431
36386564623061373161353564336135396265663562623633363064616265313464666330623265
66363961323633386531616664646338636531363431393039626339363234356636376465356465
34373632373837366339656237623834653032346430373130643765633637343636623539393662
35333263653331653439343066333534393962303765616636663265636639363562656336616163
38643831393831353633393436646333656232643330376334396465646638373762653365306162
63363837343864616230353137383633643761643633646663313430393165393533386433666436
61623063363635323632663134613564613261663930303839373630393732356163653136383139
61313037626530326464306566356534656561356465656463346333386133313832336266616631
33303363636561323861306261356630366632363963393832333465383263636465376662383035
32613137396166313230313135666461643133363737343339356562373031353166316536623661
33633734343564333036376230353361663235376662343733643862376231383036306433363434
32356633623130623332363835393334353830316462663263353236303939326363323361666332
30383264633737393761663062313363313539616164393535666337323165333231623937356130
35636135663630313366346433366535366136623064663833663736323532323537303737656333
35656335323632393235656661303266633630643339626633343562336633336633383137613736
61613966363563346636353238393631376162646432303962353833656233366366366636666166
34303164633636383833643333313136323432393066363637316264393137363133383334663334
66306661323965613430353664373732376337323665616135333061343032373831353963386636
61373363643161626265643235343637663562653331393937353264393963653333313530356365
31633165333939626134326661646536613335373333356666323261643763643139306365623839
62656433383564626266386162663330663236323530636432613430636338656136323066303033
62313163313062303838666138356263626266623837336261363836626233363038313565386637
63326535363331343036386533393962343765353865393831383261353039323938623634663538
65376631363033353337623662646638363162303864626333653761346536346266613539653466
64343035666538396465376236353130326261386562326365353735383637326365656235653635
38363461653765363831353439663039393563313339613565303231343038613132313364343738
33653334643338396165356165303261376638646334316165366535306532346635386366396233
63343137306166663863626437613163323534343634653937363634613939636537646163336335
61316661373533333238323861396134346132613436633837393861616262636331633163376333
38643562393463626231323938663031373561356662366564666338356633643364633436376262
36666432656432396130396232323830633364333432386237363133646165623439316561323631
39303331663537616564363862313062666261376665353732373031306663326133386339306438
39643637613366393063326231373063336462306663353732373233626562346635613764656237
36633263313636633038396133656138383733626437383739373436653962326339663566346464
35393931323336383464346138613031373234343530306361666535313238623930326231633534
61613862383532623333363236383935656161663366336463343139383161323935636634353535
62623339336262393061613831363362396434656231616131626464613164663466636134353362
32356665633963376237316439616663383633343865633336343561656163633131353461663862
34356137643139636164323733333662396332396361383132306463623633373433326565363663
66666232326633353262636164366432323266376163383132353337616439383638613466326332
66303034303937613736366437323361653337346333373939376264336532303738316339393330
39656439666462643232396530666534633036316430653364373933636161306332313965663062
36356465396638653930363066343339356530396231616335666263333133366165643863383732
32653764616538623639623362663836326332646563393764363935356430623132613531656530
65306334376531306564333336393262303864323964326236346665373134386266613761646665
64343137323862303139373039383539346331653966653662323831313131323236366662666436
34303736366530323930306463343333646535396362373830346539633639616632313261333261
35656365373764613766333130393333656136326361633964373639646464656437383061383539
30333530336532316661616164333662663030656138646461646530396533346235656365323136
63656362663762346338356230626536336136653266613162633161626266663861376539646662
37613930386338363931646330363264653836333738616330356463366330656635393430663039
30393032333535353163376366343633616233656262306131383337663866356530623339653533
37633161393439373461303839376134313566633537623665613564333236333039353639653364
64613766316362383738633964356264616232636634323662656139626634646664643330353062
36663563363262616636616635613730626437373637336166303938333534313032643538343430
66633030373332323766636431316265623934373036373963383239303835616564633032346636
35643366393638633138323233393038323665653539626462643636376539393963663534316464
63636534376631396666346332633136353761643937376538346661353938393938333863396434
65353638663733633335653035323933643634623339646437373330393734623864353239343231
32396338306561393935633838303865626462636436353530643263653963643864326434343665
63616537313165393865303033646539633064663137366264363238353766656432383064383465
65356334316431633132623462353265623266653563653032663963623063633436646632313938
61396664366233346333376561316139393161333963386261326461343461363866366661316233
66643237613335636230666261326432343163383866626330656337306536343062316563373034
63666332663161613765373866353938366139386364653836326133613864373433313635316130
39323433613162623737643364396662326162393734616330666462396632323566373662306231
37653163303562613131313335633736636237323764376433653631356235343434643665613938
61363337633539616235643335613238323237623332373536666466663730613961353837373934
34666362383436303361316664333734383133396463383139666237633236633533363138633233
61623137366532343130376436643435666439653764303064636165613562383561363434653533
30323832633037323135386264313462663831393332383362333362643034363639643036643065
66653063336437626665323662393433346536333338623964326562313535656137666463393434
61373562386264323465636663373961323138636434323861646438376435393234613162653064
35343461313764363864323034313361316434633465326535306332333639336337393134306364
39336661636337333130363133306166323663636138333138613838646466353238316234643661
31303064353466306363666635656132303339343135393036343738653734333533613439613763
30663831656139373463376237366266376236366563353334623765613765303266356433306636
64323034633736333436643337656564346334343339353638643331323361363461653664346361
35303162376364366661613561386231376266326235353662613735333861666264653864663337
39633838303965656334633330383338303831663739636136646266613962326530336430306638
30303739633534313263303830356634353066663762656232306561623065333437363566396638
65376366303432653366333265386238656631316364656162383930666364326363393466613731
31393932623230663661323962633734323533333638303538346339653962663935323136656337
63303136653865656430653962663062306662633437646139636466333264613464393236363365
36666533333163323237626334623636303064663430316334323061613964366661336564643834
64346632393366376538393766393332303661386637376134386164366464623038343062616663
32303830636236316164386539356138306339396261646264353963353830313063653534646466
33386636646531653161343763303139393334666137323665663433356430353336656331333537
31303562383866666232313939356166396563306238623731376664396531643432616466346562
34646233316636316263383461346161623537613061323534306666383430326439313536346335
30643162643863373237353963393433633233366331633133623937323339326132303038316661
66643764303332336565646132663334333037643931353763636633633161366666333135663934
35336365326564623033383131383931613034353465616231316137303562616138666437613337
34636630323433653634663932316333313831646266643839663737356437623164643037636237
31343239333939383466623764663233666565393162376331353562643366646538373165323430
31333130383137303562363634643337653465386135643835346533663934366564663766316266
32666532393231326530633338333266333238343464626435383738653265656135383035396436
66313766323361313764373461633333353363373262633435613834383364623231326233333130
63653334633234626233666538363165653438343239613835643531663438333539363939653635
31643332383265656363656563336663366562333162623962633066643563323539346531396534
65376630303633383366393963343831353564376537333464633238613964613333343330393839
36373731326132386561313539663935636236383031383438653831636631346166333161626334
64356232353664636539643135373738636134316130383163346531666230373833343538323362
62653234633965643166626663323632633135386631323038633163646134376631666331353165
34306634383033366665363665613734633931353130316462303636313266393236613031386264
62643637626636346139383931383065626338613633383039393630396535313366356663386337
31623661373336636137313436333537656166663334353835326432363136326565316263633530
33623536623565386366373139303638363530666232373861326261346538346632383661623365
37323736663266376464643761336631663132353462373461393661646635396537623932333237
65613239323466303732393637633533336462343862643432636534633263636131613532383164
65316139323238333032366333393266616237393965366266326566363830633137393662303463
62636330383331663562363639323863653264346531616338303761303065396534343439383838
66383966386537313762663636326134343732663835303330396632373138383634323465646231
35373363666638333163386262306262356162613634616464383533653065613237393265636530
31623839666566643139366430343432663830333837336530663536396563386361316631646466
62333166613630323464393937356464623035383566336166386533316437396234656431613233
30396337353030373061336432663735363662663839383331393735313332333565633962313065
66336463626237316334636435306464613465653536316261666432623061336330346266353761
38623063396339313866326236386239616364386231653432376664333237666138376565376534
33656135333438326338353239633439366631663630396162623062636632643332333761326135
39643738313638656437336135613739396137346637326464653963663965326337633162313432
34366338656634636565383962366139386437666662303365303734323931303430356637303061
30613433353334373866336436613330623232306665666337653161613339626436656164633061
32376234636562613533373261323434353734663462313237313138343163623061653962633137
61323963343664326663376437346238663439323535663062373065663063316263346235383763
38646161643966316663353864323339613665396330663336366362636630373865653837373965
38326630666164643062623038343433373438376330396265303031616338663361333466303032
39623537376466373565653137386437333065363737313363633036373633383737333538376437
63383232366334646561393833663036613062643761326533383832326466626232303461633763
61623235653531313261626632313834373839633064653633646435333364373738363733626364
64363261363730353530643039643362386136316661333631303830336335623133313932623235
64336232386131616363666433353337323966636362396636393135356434376439373031653564
31356633306631623734656165323732376365366631653362643762616361363236306139346137
63393737616636303639666565353861363163653562623735343539653331323330313764656138
31313130323638646166623830346231626163346362353664366531303333373964613334643032
30306239333039656631376138346131626239313465616164393735353266393830386239316666
36343534643032623465336664646334323263353533343937396534376633623264623038633135
32323334333239313933613162326363323762363338663737336361623335316663363638636561
31353332343432663232386339356332336262313431303763636465633137326566353431616638
36373933363962653037376234626235336235663632386339333137373463653834343366656135
37363262643232303863643138653461393131616331633034633033343834343437346630636533
64663833646663313331633234643233656138626535376632386362363064303738336631373361
61353563326438636137373033313136396361356239306664343730646235373432633137623831
35663632663231343937333131613138663837663134356433306164333763303932343936343330
62626662643766326464393138633237313731393763376339623135663732323236613136636537
31323034653930643666313463633935613435626430613135633564363662646130393735306264
38656534383931313632383337376366656163343231343563363538376364666139363661666266
31366362313636313761623766656636313266353633636131323964313363633865363632616162
61623162366337633631653165633932626361373664333735303863393162613663636132666235
34366431343461626633633062633432613339666434653336396530386339633239386363363430
30633733313035306331353137643435666166383137333839376230346466363366616238373731
61303864623562623566356531306665386236393435313838346635373264333363306436653332
65616662356262353835333165616332323535316530663839396639346639653033646635373531
33663438653238343334613663376439646135376465303838333135316134366561363030356533
31636262643565313033333431373432316335303564613634366138333762346135343435633434
36666530373537303336623837353938396531383039646239333837386335653564363562616635
34393430623137653233343430663361333564356237373333643432623061663330313039313434
35393937343061393862316138616131333334653539663162316362313439666339613761356539
61646536656635313336356130643432626161303263366439613730633362346234393666336432
30333764366534396664666564643664653132363566646233333536626633343235386230653065
34343663353565633566363931346639363733656632656132643964643930343563616136393238
33396664633236643961656535353137633361323265623639303464336266613536663230656465
63373038613463633336326334646335666237663231643134366339373931653965643563333932
31613034336431656132613935363862333235613438376233666263393631396432666339313630
62636234626439366433633065333130633430656433313436313434323034626130333632666630
32643762386366363266353665393130656337343332376265626337666332313862366661663366
32346362663032636338613264336233353865396336636262386337613139363532333031346331
62396336626634356338396137363965653438373162393437353764663830623463643362653763
36343664333066313337303561396139653130343035336466666166623537663863336339323532
62323335316539613462343764343633643939343530613165356139623833636264376131663265
31393837333638393661633962343436653531356364653765653031366636646231666633373561
33376366663062393537346661656666376239353661333064323766316461613563313663626139
65626537336432613836363634366331666139613737663664343263393731386635353630373036
31663235663837653162313035636465336665336639333262626665643130633265623861376231
62323537363330326362363935393238353139653264366430346130373961653139666664323732
39613136346266666366613935373831656134303065313838336633633764356439353062633132
31633164376461306365343539393835663936306138643239303730636234323930623133383031
35633064326338326662306536353630353136613765636435383736633161626434373264623333
61663536323133393234656666633039616463383166623639636639663336656339363034626532
63313039653961343562393962323336393830323064346334636665653830636536343138306430
36303661363961303665306232633037643032666665616637623736353032313465363165633438
37353063646362343533356133316464656233303563303662323131616365303666343736306639
33366634356236656637643166313233396536663432333833313435343466626530643234656636
64316366646237643832613936653135356236306266643035386333343566656263633135323961
37353538623865353739323034613034633266663736346166333266663966393137336639393663
36343539633032316164333163353861613965623835343533656230353832393661316132313733
34653432353232353530326136613861643361643261623838333231383864373566376434356234
38613831653832666663393063323530303532346533393538346239643939353731653538313831
62343237383164636336333135643232363365626139613732666435643836353339336633373961
34353337303035623634613331396439383637626162653965393332626537343866303139653361
63616430643833336265663632663636383662373537366365653931613432643638353933363038
61373037386636376565303965613234353266616638636637383639373761356138653963313563
64393937353766323136613031353533623038656566616133356435353062343061346433343835
34343262366431386638393466316633623032663161313464303338626362343435356633336335
61336236653666333862376630373062323738666334373335613639303034323066613566393936
33313961306334363666616135346635353561363566306231313739336435643062633961373831
64666231633237313533343062313464383830613261356230386263386463323531623437616433
36316365626330376533306434626634326164336239313936313964343866623266636433343231
64613934346539386239343837376235636239376430643364353232333861326639386162643337
37353530353839643764663662636130653835386637626631343139303732663932353634646331
38666339303566366231613965303062326537313136663863653363336137663330313736306334
34333530333732303534376436613663336339636666613963636339386461613264636235323362
36646634626131393565373430343434303436626564383630623932356531396634613531383466
34616161336634653362653262646264363830616262613139373539343631376564363061393166
32316134626438663866653534323738336631316631373234336465653838376430623036306538
35306562383037653937636531336665326331613731383164376266656635633465316532663466
39336332306231313330396533326130363232336139376164663663373635333533343536616334
31333866303464396539363066613235623865346136393763633866616165353666656364616239
34363434616561653762636533326261373435323433353132343531343561363836623837386262
31653130363238616165396161343134396131666230343730636635346665353761636536643261
61373964663461373263393238343663656131346531653362333532306633316139363532316638
64373863383763336662363161383830613565316663326662383462383266666166373761373934
38366538623635396233313565316537333832643938666339383165316161383238343833376330
36376361316235333363376665636566353238613631656233393832646665303932623035636439
33653133366164663661383835666630643039396234313231613933386462386432326634366563
34623537346133306531383362653166626132633864653565336161323834346132633465626339
38366565313131333539636562616233626664323235376638373562316139643138383139376633
66333735386635346539393166373364386564653365633030623137666561383761623863663134
38366564633033353832393330333231373737653739323262353236326434383664613439323161
61336362393765623131316239663734333864623261386139303136346331393963326261326264
38663663636161336362313638376365356431316266343331353063616163613964313961663363
61626234666332373933393065376163623333336466623364303136613836323362336333613436
37356330396363343433656363353262616436376663323863363139323233623561666533303331
65653039346462376338393964343830323439663736326637333838363963653765346232366665
34303863366561383733323266383036346435666662633431616639326336333165316136343961
62386237326137643834666263373837373431613262613462303966313234376638316566643132
35333162346337623931303934303331343134623062643962623438383562303537316330396639
33393833316230353130316431383264353665623264393966373933653939653730643935616138
31616633653662373939333861653634663930373131323937323234643335633932643965396231
61363733326165376333633262663735623136396265663232633437653734346639303966353933
63363733373163653939333435386430633137663061643639643035643538666433336138356162
31383235623863383930333335333062646365333937623839333439623937356338336431616338
36623633626131356264346334646461636635623461386662336164303632333666343134646634
39386530663735363863393733383737333933356633356337623933323564326135643961336332
30303936363333323532333965303534643533346536613739373364653061616330613832643931
35663330303162343566386339626332353661643439666432393939383162306237343162343235
61303231366562303066646133323436653634313834323133323836363264306137396535616663
36373034626532313939323039646563393161646664313533363862663234656431333635623761
37616636396335613330363161616165666436386636373863393036626537306661326136303863
31633539343438326332653035623034393033373834376266366266343463616561383366386166
34343564396537343764633065333532626366326334636264346262623233643433343530323166
63323834626430366261313766613166303266343662306562653432396135383663353637343530
31336634666662363236626637326264633735626339363765366535663139613035636366666235
39323739623839396336663733353536663139336433666537653135393765616136656636626332
32356534616265346430613161613266646237633566653665633463633833343538613339306162
62393665316164653438643737663164353936363334353964373864643839663066643632346533
61393639323766346166343666393966373863306566616466313737646435316337326637333339
38643635333837636430646561376632393538346132623263366635396166363838326339643332
66376538383132666231336533323731363335313266646633333332353731636437306664616362
37333961336265306438383134386436383566643230376265636134353038323066393164396461
35306362613766646563383865613937353330646564633864396139633061656631326232396662
37636364303335663739303731373130613639663136653266633237326234366463313934623438
35316231383361386561333863326438623836386439363633383332383938316330356631366265
65386133666236316637386134303863356233666536333433306535363464656166613434396132
37633038616261616461353132646562623063653263333436633632643739666334373164366434
30633331306237373538313834313930366238373664633330386561336335393937333765323838
31666562633165653062633536373264353734356364623062313339323937613732393431656630
39626436313064643662363333623766323135393235353031393236363733663733343937306233
36626232353063353432316236396633303863353733313162333865613134333964656166316231
37643032326434393538316532343431396466306465643837333633633632323063366162333139
31393431346535653432373564333265306563306566373637376662343164333761343630333930
62393236373239386562363331393166376162316336633930386639306337343435633365343937
35323863316461646166346165363161346632623461613038353865393931653734653062393236
33656334353962373637363238326461653565343536626338363665396665326237326261363539
61613137333537353631306666393162633634663738663866336436613462656461316137383136
36353138353461386230623233633264613834326362666130636635643534643037643936353233
37343031326165396234623039666330616566626430386539383930333134363964383266623333
63656232643962643162643464396663323430343436646663333134363332326535343431376164
61313331313232623333663130653665303665393865316537363630356366386339316562613338
30366531313266343263343738643263396135656539633633306637336364636531323363623034
35333633323432633630383038636461613937376434326131336261643965343333346462616331
65346130386335653431333335376162663333336262616336646630326336393730306465616537
65366166366534356436353536636230303534366661373030666536393833393933336162313130
35626438643962623161303362303933373361666165643764653036343437396562663235373532
61613631316134613735656630343863333762643064613461346137336532383535653432303064
31653235316436363734633762306333303036323466303864616339613133393536656236376130
34306534333161633333326230353037656365346638666662383966666136653966376264653036
62656666646531663064373461383439306434323762636166393934396231386438363232313834
35333763656138366637313061326532663532306432656265636330646361363934356439303132
39363763366334386466343761383736636231373832633539646139396437336530376466356637
65633931303166383164313066306561666564363732323038343833343134623836653838623065
65336231613938613832623132623632343737346333353137383838346461376233343139383830
35646537333565393961303762363565613234323131613366303137373735383266356265303438
35613166333131343134343036323863376562383063653865646263313730633261613836636133
30363836353839623533386330356137613564313432663131616636363936346362306230626464
64363665386338663430346164366236376239656239386261656533623735316139656532383961
65663563326366313830653966326533386562633331343130353835353861396330356661326533
37663237396266306638616338373666643835373134623237636166303337326563613130303831
63326339333730316365376561383632616331383363663563663031646231613836393663393461
61663537323532383332333539653835663136613165323031396437356264666430343734653263
31313931393439666431643539363466363766326334373461643365306439646664323165303762
63383564356138653937623166363630663432376265393366663365306262306237326565666438
32336663326431336265633933663565333063656364316636666662663164626538356365613134
32306533306237393032666239383739633166613462633230646264386135646633363739303661
38653235326539653036396133316561633764656462316331306663373732333535616539383831
62303064663339616364313235626636376266336330383565316366633965643339333136363261
66333466353262366534653531376332346538656631656564353661343731613435303164336231
61643537393065363635353131356433623762663836366138343437313364636630393438386337
33396161303836663734393834623834376463303233623235643138343234663734366534323462
39343835653365343831376131313565393036636232646632646430633037343761653933636130
63623736666235333136373531616531623839313237326533326332656166383936353232666439
39356139393934336662316635383039376465396636326437653732316162623634653232333262
38633834653731633133313036356437306537646239396565663466663765646663346337343337
61623936366231333838323665316633613136633538393733643031313033306334313263643933
65666566616565383631326162323935386439653664333763343964613638333462313831366662
36656462323066613762313039313739623434636339633662623862303636663135356133323866
65383765666533396139306439383037646164333563356363346239626536333232616164396531
64373962313331626230633334353761656335313036653665346165656663353532303362646435
66636161306262323532313436613033373335353437316364313536316533363266333137653134
61353637323131373761663764666163626135353034656638343264623861333838653862363239
33376233356331363537646337326337326232323764363436353262346136356230383731613033
34306663373238336435643466346333393232643961316632323835666137326636646637663461
36363039303965336633353136653831333332323532633362623939626361383234623232393533
62303062346336383464353237323536363262376364613138363633393239313630633062373733
64333834323537386466333735366162346139333337396335653663393761386561303435366532
65616266363639343130363166333264386132333833656166356435323034373336616330306138
63616262353533356661663237303461396435653665346532393037396530393132643838323665
38366462633235313430333463376433343761356230383035313662303330626535333965336134
36343139643537323736396566383064373135636465326439363963666664616634643832396430
65326335326564393436313465666332383433346561346437383533663761326561356164643763
33633462653263353366343861376430316230616462363635346638623737366561383933383035
30343331346131653463383234656661366135616535373539363630633230383930396266663335
33303935633062313238346635323236303132386461373861343736366266613634626537323666
32643135393966643265316234376236346432363037356362623037316362396138653336366261
36646465393163643039366137363863306631616337386365393461383866663738346662646663
61616661333837356530623862353530336266376531666530333962343237363633343034666264
33663865346639326466303965666130636462373063383232373461323938636332306530656336
64303039653038303836656133363065383936363036336361303737303634343233663837383364
38313132623539356561613836306632646435366664643865616234363736383538666235376239
65376539313236353263313862643166623135363064636537376333633765386334383833636266
38373230383936346361663638363137633062633862626634333039653235393463323765333439
39383362343230323531643135316632643536653531636133663865653930356438393864393833
39653266316561383264336635313863313331363034306136313362316238353635633765336637
39643064393337376137643439353434656332313963643732383534663466303161663663633963
39646162316430633036633231323437613230386461363930623161323663316333623239343662
61303663356637376636613237633331343365353832323261373833313534343634663032663565
66373231353835336561663563653930653431646638653830653636623438373637323563613365
31613964386632656436396261656365636133616161326332666634353033656132373236393837
64643161383138663466366330393233313130343061643335356533656637343733616532393635
66393362663537623336666461386263663361633934366337306465666137373332663032373834
39376536343937343135326638316561373866386661616261376536623966373331393933303836
37316538343834383363636665663063386231356230323765326161353236633234663062323534
31353939333237316466386630303739626432303863663332393432623262386163336266346633
31386363363961343165623263613431666665653230343564363438313033386162373465323762
37333963616434633537393463613931643361393034663335363335303635313736383931626638
64643632383738333230656436356365363636666166363463316330663238396261323661323131
64653530393035636639323831353564326134633665623862363964336234633334383736643230
39636331343133633334623435336566613866633765366339323135353432666637353561623762
31373637303662656463376639616564663331353361326365643338643763313630303365633864
64363763663532393534623737643261616231346465636364313639306239383230353038363663
37366632633665393064353962663961646164623065643365306631336165353330366164363834
32326263306134636434353965323564366166306262333962663465313939643937353734666237
61366161373764393364613430636365626337313334343635303631666234653939313532613738
39663437653766636363666261383264393936313837343531316539366264373736346461343338
62626463336439633562623563313961313236346366343137356637383531656332616531343839
32373432383533386239353533623934613937313533326334613765653636656239623966376433
36656365316237383633303562306639663939636266663433363235316237373033303834323539
36646536656335663761303466613034613462393730613930376261643335343333616161386336
36323937393962393035396436643862376663313862333865383263643231303034303566313831
35306534366539386433373761623966653230363234643833373765376434623332613366363932
36383963646536326238333533316639303732353437666235643831643263663864326337363837
36633165373634653333393836633062383736316463626665333734646363363737616236336163
63343235336565326331653635353635353762303939663432663734666263386333383136353338
39653034343331633239396130646437343337633731656464633832393137623862633761613762
31623939373666343835336331643231613636383866633537653038383064323937383664386436
38396338343964303031346531663364326138366231626535626264643366616532346534343633
63623238653931373561663466646439366534363730383232353639653561656164353634306234
35313236623937363762386264633365393333346462363538653963383962333963643064313738
34623531386566336637383135616262653030646134613835306136386532393261623434633432
37396230333032333839363664656166303164663039646337343036633338393962336232646165
64613661333161333533346235613832303165613536626138376534353264613332643265613365
61373966333436666632626331383639313164333135633762383461636234356632343062643261
66363162343536333133623535643836306334386566626431636332393265616136356332353361
62363461353166306530386330393837396566396661316436393535313730383565316262343633
30343866386663653433326665323164663733343031313037396637333237323233303434366462
62366138366134666265333631306636623663666233656532663630386137353265353239623366
38333432353433646236306638616431376330356132656132323937343433353637356562656266
65373837653532333032396566663938643361333536613434346262636662336433623936343837
65363765343566663637643239306333386631376162323230636431623139303934393061346465
65336135326165626135326132326135653964616237666563353238363835663531663035336261
65616561626239303031363134306438666239623631346365643231623030633236353530336164
39663438633664316566613630333135666663306264313861653339623564653265656465643861
37643133356265323962653866666463626239323231336431646337396232343462306165383235
61616536366334623437613531633538626331363665343937366363653535636439633839356466
38646539303266306662616466356464316633663335316665343866326339363134313939343361
33303661373836336263326635386233346461643964376535643161393761323436333735623361
36316332623231626633653131396665366434646262653766666634633033383062396636303166
30363437656233336532366339633235383565396231633362653665326165623565616438366561
65353533643930393061653261386330346131306335306466623839343766323064393936353639
32613763303030666265343330636530396335646638333433663566313632306536333733656238
66356461633736393861643330313261636532316166336338316663323765383434336335636536
36323834306130633436306265653832316232643433346434383264333765376539386238373639
30376332373438363137343931343934343134333561623733333237353061636164616438383037
33313337363733343832636230656231346630353132613565396238303233346363623166376134
37326663383239303662386439313131646337623035343262363035383833326138386233656462
66396234346466326132663435313564333030356534353337356665623834303030336332366363
64663737623338313238666639626438383736333737303465636136666165313338626562366330
34303863303333643766663661313765376330313162386530643332366236653632356661616636
36633738333135343134366563653334323936666538616361313934356135343163643162333532
39313439613837396138353536376634373634636636646539313332373938356665313762646430
31666532383837623465333134373966346633336263643762333766363363333530616332303037
62646239373836346437363538363134356664646665336231363935633762306230346336663138
34666639396533336231373639636665626533376333376331383237643835303363356131616662
32656564656564636462623736363637386230646437313339653335663061636238643439386238
66633638653334313763666662333735366539656435613066336461383634303139363535326166
64333361333036343032333532383039386262313237333963633631653537323863653064346566
66373338616136356236626531643263613663356162323436343936303538656639633563396637
36323336643137313330623765626139633030386331353731656433313038646132333261646464
62303565323166646463323166333465306334303165383766663163346130373165326233626463
65643835303763383438396334363533376363653133303634636563366337656135643733343832
30333563636431313930356435366430323863343539663430376134336238306461366639613063
66386233366666323636646435313261316137343630306164353931326532373963633032663962
34323736373731343330366361623639313231653537353737393066393938666564663962393464
38653539316637383231343664616162373839653962303233636564643936616135353833633334
30306638623065333565636235623630623663363232653563316362383661613634306264363965
30613539363738313365386362326265616666663535363531653964383564633063623734326564
32663139366537393735353365353232643530643237373133323939633239386364323065643830
31613131303330656334396336316662343835663635373838633836343062643237333064346438
61343434353834656666356365623732326365343062383963646266623630653436366637636264
30313230633366663565656335613938323031333137626431376131636165623966646266376363
61613632303234613963623065383163643732623639336438623330323038373032656238636535
34333831366366623963613032373364643836356436366637343266376262396561353936653334
64396633633161363734633136643039633863653930383061616234343261386361343830386236
32303661386139653664343863363765343333653662613561373236643365383363666462663662
37303933653233623236393039646663366230613535383039313232303034326362393062316433
38393762333837376565373230343762633932333861316564383766346232663263386563303162
37613837663138363163613539376634333435313363613135636639623039383731613239613335
35396232373939373234326537623737346161313162343762643564383833656238333038303137
65336437326538376434616265646364396332303863383633303439323033616439383130383031
39646361623838353533623032323566386661633637313964653433653932656262626433623139
39626462643331623131613539623634396332613266633663396537366461303431373733393331
36373136323532336539343164393830336335663138373831653065643633313533393163646436
38323864353037353236303062633635646231316532316436346239613136656437633631653061
30663837653930353038333231353734383966383462363765383435303063343433376366356461
31336339396537623338313266393032373134353439653163313638326263326530383338303862
62353333393735646538353138333866616162663461653661643538373939373434373736643939
63343336636264343061396437646337343535336430313834383465313033656631356465353131
64353963333866353061316131636531646661613432386538656634393835366630326537323737
61343135656438653262633438663832653233616636343538613031656436616637643038323731
65346261376338373062373433343963323732653635303061623537306633633839623534306134
33653737386433306466386430356535626237636339343431363232386164393064313937343762
35303032663764363531633465333632303063303563666666356236616363353862376462623232
62623331373237356635383338323163356238313739633037643030386166353630643965316135
38366130323034636238353565656332616435366566656563366266333739336566393639313130
61373430663964633235663464623939666663353165343830653131366232383736643231633939
61326162646161653764656434316161376432356363383835643531303430386334643232313635
31323732396133346466326566363533656661313362336561633561303334363961323532363634
30393332376665393166313339313736656230646165326437613036653637623237663133326261
34646662376261633538326563326236666235663436366137313331666431323939303034613133
30646463613530373737663064333435336236653561623263383232363835353536616464666337
32343765313864333439313665373838376430626163373164396639653330626565613634326131
32346262353766623433326165313033303930393864623665666430366563326535626563323832
31373530653166326230326565646434353665373963363865653839623934376162373965613136
38653934653863666436383861376161363662646137326336313962303861306561623132633630
61353838356539333062663836613764653035363361376365633936356534656338313931653938
32346233303134656333343961336462623836626632363132636633326335396632343933343131
39316535383238636535643434316434376334356135383830656135626466636334663464356334
64653038616336616364346664653163346465303632343833623633626635333933323236313164
36393232366639626366336130343831333032343139313363666230616166666161393936383732
32363238623937393136663636316266333764396638353138343863303333396131356135613738
63633863623166336239666364653933363666383936376462363161353139353137373637643061
64643932663965346239373861353331373164383264626363326433383365626266313661666336
64323166366661386161643237326339656130613035383735633133663466643739623566656164
30613866366631633339373932663338373539363664643135336261666535316364323535623663
66643231373065373634623134366664373039383631363636356466663431333161633733643638
34613837613238353862636230343736626364643934663466313039383639363833343862306266
35376336383138633863393836356136306239316333343964376536323862353234326431333336
32643966373731393535313335316163356639333833343436343961643839353838646135653238
65356232626230663535396164383238643038383635643438633861653565613732303261353534
30373766326262343835306334316636333765656138313833396533623665343335356536336536
30396161396664323630633438363433613233653337623333396564336231363233303732623033
38326435353262373864653732386532646132366139613837383432373939626632643361653835
30633366366334633663303835383335363736646365623862623538336634666235373130656133
31383365393132393461313232366264363439373639616561376533646562343061633964343938
38623766643234613063346337323230396561366366616366643837353163333864376435383234
38663033626237306430393831333535323730613632393362633561633338383962616538383333
32653061336336663462663934313662363562646130383333313030336439633536613832343066
30303664376661376535353061666439386565356135613133613663353263626662396335653832
66646435333261373530666430616165313730656332623763373664646335363236313730633333
33373535366263303633303863393432336263623232636339333633383133383830316432623966
64363731306539636564636539373134623062393933623136643931323230613665643935326334
30343564663663323239613236363033653339346163626264613831363035356364366335643938
61376133343762363235633466353235383737623463393531643235636235383030333835326462
36633236306365396331323665363734313131313733643731633137313666623363356639383236
65373938366139363236646333396362333732626437366165373762376465616362666563393434
63343733386532326638303062623333323763393830356662653563306563643162646330376433
35366233666431333563363038653239383231376164326535623462663164313562316539633236
64363338633966633961663032633539383661663362616563336237623636336462633231313330
35653764633731396537356539393461633663633865653066333661356165386439343634666265
37386430303464376135393765396664616631326365623231653739653763396530633063343634
3731396534303439353966313534323730313839306336303534
